2.798094907766006667e-01
-6.618513529883447433e-01
2.367897867239620702e+00
-1.036565779811247978e+00
9.669243573283747839e-01
1.006855847008794491e+00
-5.975927680220882721e-01
-3.817099480547984092e-01
8.301755400724773748e-02
-6.805314033057041634e-01
1.469626084809963595e+00
1.344021583913851625e+00
-2.482959769093450397e+00
-1.428232921571410463e+00
-2.522867505146516587e-01
1.650452651464314191e-01
-5.867057447063246389e-01
-9.150571662545742280e-01
8.026265242365743235e-01
4.857845076931652795e-01
