3.468423999964378446e-01
-4.418612524012963672e-01
1.694163757121349700e+00
-3.168411842349198038e-01
-1.784226873125417667e-02
7.213155856857454973e-01
-1.149152630654476148e+00
-4.721758092910979254e-01
1.611272807192402956e+00
-1.499040954272225223e-01
2.639909524301967125e-02
-5.932329388831645289e-01
3.033314091648653954e-01
9.400221947930014199e-01
-6.993686910824311598e-01
-9.937040705352216952e-01
-1.919415835331564069e-01
-1.952508383647863222e-01
-1.011186992731321344e-01
2.696933692425669271e-01
1.138266031131051959e+00
-3.111678240788184890e-02
3.758008799231990493e-02
-1.105709855798133523e+00
-2.259925154354089916e-01
-6.388037533880024377e-01
1.500248576054886707e-01
6.848510817208576518e-02
1.097787621654293666e+00
4.027363238904894116e-01
