2.386023884219822810e-01
-2.342019757544220593e-01
9.564631059874509900e-01
5.713819649190259309e-01
9.161867524833806620e-01
8.431039641840051280e-01
-3.925493539356119110e-01
-6.422213170489308176e-01
-5.729464405243935854e-01
-4.176665421841163073e-01
-4.808450279323674970e-01
9.984282714077538090e-01
-3.947785782800206089e-01
-2.323535591398738775e-01
1.421162215692242936e-01
-8.520141460659502730e-01
-8.261092883147882482e-01
-2.628363953131485631e-01
9.828338943953728313e-01
8.742854422348917964e-01
1.993968344554568894e-01
-7.680058186525238195e-01
-6.609656887808033066e-01
5.001026587240385846e-01
4.123733133799107886e-01
