pygame 1.9.6
Hello from the pygame community. https://www.pygame.org/contribute.html
-4445.653345879144,
-4445.653345879144,
-4445.653345879144,
-4445.653345879144,
-3911.9389716236637,
-3911.9389716236637,
-1055.619366843837,
-1055.619366843837,
-1071.946959040366,
-1071.946959040366,
-1071.946959040366,
-1071.946959040366,
-1071.946959040366,
-1071.946959040366,
-1071.946959040366,
-1071.946959040366,
-1071.946959040366,
-1071.946959040366,
-1071.946959040366,
-1071.946959040366,
-1071.946959040366,
-1071.946959040366,
-1071.946959040366,
-1071.946959040366,
-1071.946959040366,
-1071.946959040366,
-1071.946959040366,
-1071.946959040366,
-1071.946959040366,
-1071.946959040366,
-1071.946959040366,
-1071.946959040366,
-1071.946959040366,
-1071.946959040366,
-1071.946959040366,
-1071.946959040366,
-1071.946959040366,
-1071.946959040366,
-1071.946959040366,
-1071.946959040366,
-1071.946959040366,
-1071.946959040366,
-1071.946959040366,
-1071.946959040366,
-1071.946959040366,
-1071.946959040366,
-1071.946959040366,
-1071.946959040366,
-1071.946959040366,
-1071.946959040366,
-1071.946959040366,
-1071.946959040366,
-1071.946959040366,
-1071.946959040366,
-1071.946959040366,
-1071.946959040366,
-1071.946959040366,
-1071.946959040366,
-1071.946959040366,
-1071.946959040366,
-1071.946959040366,
-1071.946959040366,
-1071.946959040366,
-1071.946959040366,
-1071.946959040366,
-1071.946959040366,
-1071.946959040366,
-1071.946959040366,
-1071.946959040366,
-1071.946959040366,
-1071.946959040366,
-1071.946959040366,
-1071.946959040366,
-1071.946959040366,
-1071.946959040366,
-1071.946959040366,
-1071.946959040366,
-1071.946959040366,
-1071.946959040366,
-1071.946959040366,
-1071.946959040366,
-1071.946959040366,
-1071.946959040366,
-1071.946959040366,
-1071.946959040366,
-1071.946959040366,
-1071.946959040366,
-1071.946959040366,
-1071.946959040366,
-1071.946959040366,
-1071.946959040366,
-536.7722288136956,
-536.7722288136956,
-536.7722288136956,
-526.242733319119,
-526.242733319119,
-525.8325458383058,
-525.8325458383058,
-526.242733319119,
-526.242733319119,
Initializing cpSpace - Chipmunk v6.2.0 (Debug Enabled)
Compile with -DNDEBUG defined to disable debug mode and runtime assertion checks
