pygame 1.9.6
Hello from the pygame community. https://www.pygame.org/contribute.html
918.5872237226224,
921.7237841329803,
923.0947748474123,
918.5771880018259,
918.5771880018259,
918.5771880018259,
918.5771880018259,
917.6007762688878,
917.6007762688878,
917.6007762688878,
921.7137484121838,
947.3031096096495,
947.3031096096495,
947.3031096096495,
944.7564759463908,
944.7564759463908,
947.3780287256968,
938.4544686371885,
938.4544686371885,
938.4544686371885,
944.0024484428526,
944.0024484428526,
948.3251783880039,
946.2232985123493,
946.2232985123493,
946.2232985123493,
946.2232985123493,
947.7933409982475,
945.318237256242,
945.1309834862916,
945.6927447961428,
944.5692221764402,
944.5692221764402,
919.5636354555605,
928.4461242367742,
928.4461242367742,
930.6585811792525,
930.6585811792525,
930.6585811792525,
930.6585811792525,
925.3982889943819,
954.1269692013618,
956.0550769600567,
956.0550769600567,
953.0246960280127,
961.2894480171843,
962.1149285422739,
962.0501377706179,
968.2202929605882,
968.2202929605882,
970.3335760266604,
970.3335760266604,
970.3335760266604,
966.8764956605355,
966.8764956605355,
966.8764956605355,
966.8764956605355,
951.9728982992845,
951.9728982992845,
967.3280951452439,
967.3280951452439,
970.5875786582188,
970.5875786582188,
970.5875786582188,
970.3723973061791,
966.4913608084611,
949.491677529467,
938.5183243850339,
948.1802372122204,
948.1802372122204,
948.1802372122204,
948.1802372122204,
962.1404263743316,
959.5481462513462,
936.1205837957871,
936.1205837957871,
936.3944694061258,
946.2968682000966,
946.2968682000966,
951.2202336449308,
950.104394272495,
954.6878674273945,
954.6878674273945,
960.411027976667,
956.6763492124331,
955.482318850902,
958.71036951619,
958.71036951619,
953.3236586692555,
953.3236586692555,
957.4136382076528,
957.4136382076528,
962.7140122783305,
962.7140122783305,
966.1761527400465,
966.1761527400465,
966.1761527400465,
966.1761527400465,
966.1761527400465,
966.1761527400465,
Initializing cpSpace - Chipmunk v6.2.0 (Debug Enabled)
Compile with -DNDEBUG defined to disable debug mode and runtime assertion checks
